# t[days]  RBER_PE_0  RBER_PE_3000  RBER_PE_10000
1.000000e+00  1.001369e-06  1.005556e-05  1.017837e-04
1.041865e+00  1.001426e-06  1.005788e-05  1.018586e-04
1.085483e+00  1.001486e-06  1.006030e-05  1.019367e-04
1.130927e+00  1.001548e-06  1.006283e-05  1.020181e-04
1.178273e+00  1.001613e-06  1.006546e-05  1.021029e-04
1.227601e+00  1.001680e-06  1.006820e-05  1.021913e-04
1.278995e+00  1.001751e-06  1.007106e-05  1.022834e-04
1.332540e+00  1.001824e-06  1.007403e-05  1.023795e-04
1.388327e+00  1.001900e-06  1.007713e-05  1.024795e-04
1.446449e+00  1.001979e-06  1.008036e-05  1.025838e-04
1.507005e+00  1.002062e-06  1.008372e-05  1.026925e-04
1.570096e+00  1.002149e-06  1.008723e-05  1.028059e-04
1.635828e+00  1.002238e-06  1.009088e-05  1.029240e-04
1.704312e+00  1.002332e-06  1.009468e-05  1.030471e-04
1.775663e+00  1.002429e-06  1.009865e-05  1.031754e-04
1.850001e+00  1.002531e-06  1.010278e-05  1.033091e-04
1.927451e+00  1.002637e-06  1.010708e-05  1.034485e-04
2.008144e+00  1.002747e-06  1.011156e-05  1.035939e-04
2.092215e+00  1.002862e-06  1.011623e-05  1.037454e-04
2.179806e+00  1.002982e-06  1.012110e-05  1.039033e-04
2.271064e+00  1.003106e-06  1.012617e-05  1.040679e-04
2.366142e+00  1.003236e-06  1.013145e-05  1.042395e-04
2.465200e+00  1.003371e-06  1.013696e-05  1.044185e-04
2.568406e+00  1.003512e-06  1.014269e-05  1.046050e-04
2.675932e+00  1.003659e-06  1.014866e-05  1.047995e-04
2.787960e+00  1.003812e-06  1.015489e-05  1.050022e-04
2.904679e+00  1.003971e-06  1.016137e-05  1.052137e-04
3.026283e+00  1.004137e-06  1.016813e-05  1.054341e-04
3.152978e+00  1.004310e-06  1.017517e-05  1.056639e-04
3.284978e+00  1.004490e-06  1.018250e-05  1.059036e-04
3.422504e+00  1.004677e-06  1.019014e-05  1.061535e-04
3.565787e+00  1.004873e-06  1.019810e-05  1.064141e-04
3.715069e+00  1.005076e-06  1.020639e-05  1.066859e-04
3.870600e+00  1.005288e-06  1.021503e-05  1.069693e-04
4.032643e+00  1.005509e-06  1.022404e-05  1.072649e-04
4.201470e+00  1.005739e-06  1.023341e-05  1.075732e-04
4.377365e+00  1.005979e-06  1.024319e-05  1.078948e-04
4.560623e+00  1.006228e-06  1.025337e-05  1.082302e-04
4.751554e+00  1.006488e-06  1.026398e-05  1.085801e-04
4.950478e+00  1.006759e-06  1.027503e-05  1.089450e-04
5.157730e+00  1.007041e-06  1.028654e-05  1.093258e-04
5.373658e+00  1.007334e-06  1.029854e-05  1.097230e-04
5.598627e+00  1.007640e-06  1.031103e-05  1.101374e-04
5.833013e+00  1.007959e-06  1.032406e-05  1.105697e-04
6.077213e+00  1.008291e-06  1.033762e-05  1.110209e-04
6.331635e+00  1.008636e-06  1.035176e-05  1.114916e-04
6.596709e+00  1.008996e-06  1.036648e-05  1.119829e-04
6.872881e+00  1.009371e-06  1.038183e-05  1.124956e-04
7.160614e+00  1.009761e-06  1.039781e-05  1.130307e-04
7.460394e+00  1.010168e-06  1.041447e-05  1.135892e-04
7.772723e+00  1.010591e-06  1.043182e-05  1.141722e-04
8.098129e+00  1.011032e-06  1.044990e-05  1.147808e-04
8.437157e+00  1.011492e-06  1.046873e-05  1.154161e-04
8.790379e+00  1.011970e-06  1.048835e-05  1.160795e-04
9.158389e+00  1.012468e-06  1.050880e-05  1.167721e-04
9.541805e+00  1.012987e-06  1.053010e-05  1.174954e-04
9.941273e+00  1.013527e-06  1.055229e-05  1.182507e-04
1.035746e+01  1.014089e-06  1.057541e-05  1.190396e-04
1.079108e+01  1.014675e-06  1.059950e-05  1.198636e-04
1.124285e+01  1.015284e-06  1.062460e-05  1.207244e-04
1.171353e+01  1.015919e-06  1.065075e-05  1.216236e-04
1.220392e+01  1.016580e-06  1.067800e-05  1.225632e-04
1.271484e+01  1.017268e-06  1.070638e-05  1.235450e-04
1.324714e+01  1.017985e-06  1.073595e-05  1.245710e-04
1.380174e+01  1.018731e-06  1.076676e-05  1.256433e-04
1.437955e+01  1.019508e-06  1.079886e-05  1.267642e-04
1.498155e+01  1.020316e-06  1.083231e-05  1.279360e-04
1.560875e+01  1.021158e-06  1.086715e-05  1.291611e-04
1.626221e+01  1.022034e-06  1.090346e-05  1.304422e-04
1.694303e+01  1.022946e-06  1.094128e-05  1.317820e-04
1.765235e+01  1.023896e-06  1.098069e-05  1.331832e-04
1.839137e+01  1.024884e-06  1.102174e-05  1.346491e-04
1.916132e+01  1.025913e-06  1.106452e-05  1.361827e-04
1.996351e+01  1.026983e-06  1.110908e-05  1.377875e-04
2.079928e+01  1.028097e-06  1.115552e-05  1.394669e-04
2.167005e+01  1.029257e-06  1.120389e-05  1.412247e-04
2.257726e+01  1.030464e-06  1.125429e-05  1.430649e-04
2.352246e+01  1.031719e-06  1.130680e-05  1.449916e-04
2.450723e+01  1.033026e-06  1.136151e-05  1.470092e-04
2.553323e+01  1.034386e-06  1.141851e-05  1.491224e-04
2.660217e+01  1.035800e-06  1.147790e-05  1.513361e-04
2.771588e+01  1.037272e-06  1.153977e-05  1.536555e-04
2.887620e+01  1.038804e-06  1.160423e-05  1.560860e-04
3.008511e+01  1.040397e-06  1.167139e-05  1.586334e-04
3.134462e+01  1.042054e-06  1.174137e-05  1.613039e-04
3.265686e+01  1.043777e-06  1.181427e-05  1.641039e-04
3.402404e+01  1.045570e-06  1.189022e-05  1.670404e-04
3.544846e+01  1.047435e-06  1.196936e-05  1.701205e-04
3.693251e+01  1.049374e-06  1.205181e-05  1.733519e-04
3.847869e+01  1.051390e-06  1.213771e-05  1.767428e-04
4.008961e+01  1.053487e-06  1.222720e-05  1.803018e-04
4.176796e+01  1.055667e-06  1.232044e-05  1.840381e-04
4.351658e+01  1.057934e-06  1.241759e-05  1.879612e-04
4.533840e+01  1.060290e-06  1.251880e-05  1.920815e-04
4.723649e+01  1.062739e-06  1.262425e-05  1.964099e-04
4.921405e+01  1.065285e-06  1.273411e-05  2.009578e-04
5.127440e+01  1.067932e-06  1.284858e-05  2.057375e-04
5.342100e+01  1.070682e-06  1.296783e-05  2.107620e-04
5.565748e+01  1.073539e-06  1.309208e-05  2.160451e-04
5.798758e+01  1.076508e-06  1.322153e-05  2.216014e-04
6.041523e+01  1.079593e-06  1.335640e-05  2.274463e-04
6.294452e+01  1.082798e-06  1.349692e-05  2.335965e-04
6.557969e+01  1.086126e-06  1.364332e-05  2.400693e-04
6.832519e+01  1.089584e-06  1.379584e-05  2.468835e-04
7.118562e+01  1.093174e-06  1.395476e-05  2.540587e-04
7.416581e+01  1.096902e-06  1.412032e-05  2.616160e-04
7.727077e+01  1.100773e-06  1.429282e-05  2.695778e-04
8.050571e+01  1.104791e-06  1.447254e-05  2.779677e-04
8.387608e+01  1.108962e-06  1.465978e-05  2.868110e-04
8.738756e+01  1.113292e-06  1.485486e-05  2.961345e-04
9.104604e+01  1.117784e-06  1.505811e-05  3.059669e-04
9.485769e+01  1.122446e-06  1.526987e-05  3.163385e-04
9.882891e+01  1.127282e-06  1.549049e-05  3.272816e-04
1.029664e+02  1.132298e-06  1.572035e-05  3.388306e-04
1.072771e+02  1.137502e-06  1.595984e-05  3.510222e-04
1.117682e+02  1.142897e-06  1.620935e-05  3.638953e-04
1.164474e+02  1.148492e-06  1.646930e-05  3.774914e-04
1.213225e+02  1.154292e-06  1.674014e-05  3.918548e-04
1.264017e+02  1.160304e-06  1.702231e-05  4.070324e-04
1.316935e+02  1.166535e-06  1.731630e-05  4.230743e-04
1.372068e+02  1.172992e-06  1.762260e-05  4.400340e-04
1.429510e+02  1.179681e-06  1.794172e-05  4.579682e-04
1.489356e+02  1.186610e-06  1.827420e-05  4.769375e-04
1.551708e+02  1.193786e-06  1.862060e-05  4.970065e-04
1.616671e+02  1.201218e-06  1.898150e-05  5.182439e-04
1.684353e+02  1.208911e-06  1.935752e-05  5.407230e-04
1.754868e+02  1.216875e-06  1.974927e-05  5.645218e-04
1.828336e+02  1.225118e-06  2.015742e-05  5.897236e-04
1.904879e+02  1.233647e-06  2.058266e-05  6.164170e-04
1.984627e+02  1.242471e-06  2.102571e-05  6.446967e-04
2.067713e+02  1.251598e-06  2.148730e-05  6.746634e-04
2.154278e+02  1.261037e-06  2.196821e-05  7.064245e-04
2.244467e+02  1.270796e-06  2.246926e-05  7.400948e-04
2.338432e+02  1.280885e-06  2.299129e-05  7.757962e-04
2.436331e+02  1.291312e-06  2.353517e-05  8.136591e-04
2.538328e+02  1.302088e-06  2.410182e-05  8.538225e-04
2.644595e+02  1.313220e-06  2.469219e-05  8.964345e-04
2.755311e+02  1.324719e-06  2.530728e-05  9.416530e-04
2.870662e+02  1.336594e-06  2.594812e-05  9.896467e-04
2.990842e+02  1.348855e-06  2.661579e-05  1.040595e-03
3.116054e+02  1.361511e-06  2.731141e-05  1.094690e-03
3.246508e+02  1.374574e-06  2.803616e-05  1.152137e-03
3.382423e+02  1.388053e-06  2.879124e-05  1.213152e-03
3.524028e+02  1.401958e-06  2.957794e-05  1.277970e-03
3.671562e+02  1.416301e-06  3.039757e-05  1.346838e-03
3.825272e+02  1.431090e-06  3.125151e-05  1.420021e-03
3.985417e+02  1.446339e-06  3.214121e-05  1.497803e-03
4.152267e+02  1.462056e-06  3.306815e-05  1.580484e-03
4.326102e+02  1.478253e-06  3.403390e-05  1.668386e-03
4.507214e+02  1.494943e-06  3.504008e-05  1.761853e-03
4.695909e+02  1.512134e-06  3.608838e-05  1.861251e-03
4.892503e+02  1.529840e-06  3.718057e-05  1.966971e-03
5.097328e+02  1.548072e-06  3.831849e-05  2.079431e-03
5.310728e+02  1.566842e-06  3.950404e-05  2.199075e-03
5.533062e+02  1.586161e-06  4.073923e-05  2.326378e-03
5.764703e+02  1.606042e-06  4.202613e-05  2.461848e-03
6.006043e+02  1.626497e-06  4.336691e-05  2.606026e-03
6.257486e+02  1.647537e-06  4.476381e-05  2.759490e-03
6.519456e+02  1.669177e-06  4.621920e-05  2.922855e-03
6.792393e+02  1.691428e-06  4.773552e-05  3.096780e-03
7.076757e+02  1.714304e-06  4.931532e-05  3.281967e-03
7.373026e+02  1.737817e-06  5.096125e-05  3.479165e-03
7.681698e+02  1.761980e-06  5.267610e-05  3.689174e-03
8.003292e+02  1.786808e-06  5.446274e-05  3.912848e-03
8.338351e+02  1.812313e-06  5.632417e-05  4.151099e-03
8.687436e+02  1.838510e-06  5.826353e-05  4.404899e-03
9.051136e+02  1.865412e-06  6.028409e-05  4.675286e-03
9.430062e+02  1.893034e-06  6.238923e-05  4.963370e-03
9.824852e+02  1.921390e-06  6.458251e-05  5.270333e-03
1.023617e+03  1.950495e-06  6.686761e-05  5.597438e-03
1.066471e+03  1.980363e-06  6.924837e-05  5.946034e-03
1.111119e+03  2.011010e-06  7.172881e-05  6.317560e-03
1.157636e+03  2.042451e-06  7.431309e-05  6.713552e-03
1.206100e+03  2.074701e-06  7.700556e-05  7.135651e-03
1.256593e+03  2.107777e-06  7.981075e-05  7.585608e-03
1.309201e+03  2.141694e-06  8.273338e-05  8.065291e-03
1.364011e+03  2.176468e-06  8.577836e-05  8.576697e-03
1.421115e+03  2.212118e-06  8.895083e-05  9.121956e-03
1.480610e+03  2.248659e-06  9.225611e-05  9.703341e-03
1.542596e+03  2.286108e-06  9.569976e-05  1.032328e-02
1.607177e+03  2.324483e-06  9.928758e-05  1.098437e-02
1.674461e+03  2.363803e-06  1.030256e-04  1.168938e-02
1.744562e+03  2.404085e-06  1.069201e-04  1.244125e-02
1.817599e+03  2.445347e-06  1.109777e-04  1.324315e-02
1.893692e+03  2.487609e-06  1.152051e-04  1.409844e-02
1.972972e+03  2.530890e-06  1.196095e-04  1.501071e-02
2.055570e+03  2.575209e-06  1.241984e-04  1.598381e-02
2.141627e+03  2.620586e-06  1.289793e-04  1.702184e-02
2.231286e+03  2.667042e-06  1.339603e-04  1.812917e-02
2.324699e+03  2.714597e-06  1.391500e-04  1.931047e-02
2.422023e+03  2.763273e-06  1.445568e-04  2.057073e-02
2.523421e+03  2.813091e-06  1.501900e-04  2.191528e-02
2.629064e+03  2.864073e-06  1.560591e-04  2.334979e-02
2.739130e+03  2.916242e-06  1.621739e-04  2.488036e-02
2.853804e+03  2.969619e-06  1.685446e-04  2.651344e-02
2.973278e+03  3.024230e-06  1.751821e-04  2.825597e-02
3.097755e+03  3.080097e-06  1.820975e-04  3.011534e-02
3.227442e+03  3.137245e-06  1.893023e-04  3.209943e-02
3.362559e+03  3.195699e-06  1.968088e-04  3.421667e-02
3.503333e+03  3.255483e-06  2.046296e-04  3.647606e-02
3.650000e+03  3.316625e-06  2.127778e-04  3.888719e-02
