# LET[MeV*cm2/mg]  Phi[part/cm2/s]  P_recovery
5.000000e-01  1.000000e+03  1.000000
5.000000e-01  1.487352e+03  1.000000
5.000000e-01  2.212216e+03  1.000000
5.000000e-01  3.290345e+03  1.000000
5.000000e-01  4.893901e+03  1.000000
5.000000e-01  7.278954e+03  1.000000
5.000000e-01  1.082637e+04  1.000000
5.000000e-01  1.610262e+04  1.000000
5.000000e-01  2.395027e+04  1.000000
5.000000e-01  3.562248e+04  1.000000
5.000000e-01  5.298317e+04  1.000000
5.000000e-01  7.880463e+04  1.000000
5.000000e-01  1.172102e+05  1.000000
5.000000e-01  1.743329e+05  1.000000
5.000000e-01  2.592944e+05  1.000000
5.000000e-01  3.856620e+05  1.000000
5.000000e-01  5.736153e+05  1.000000
5.000000e-01  8.531679e+05  1.000000
5.000000e-01  1.268961e+06  1.000000
5.000000e-01  1.887392e+06  1.000000
5.000000e-01  2.807216e+06  1.000000
5.000000e-01  4.175319e+06  1.000000
5.000000e-01  6.210169e+06  1.000000
5.000000e-01  9.236709e+06  1.000000
5.000000e-01  1.373824e+07  1.000000
5.000000e-01  2.043360e+07  1.000000
5.000000e-01  3.039195e+07  1.000000
5.000000e-01  4.520354e+07  1.000000
5.000000e-01  6.723358e+07  1.000000
5.000000e-01  1.000000e+08  1.000000

6.002275e-01  1.000000e+03  1.000000
6.002275e-01  1.487352e+03  1.000000
6.002275e-01  2.212216e+03  1.000000
6.002275e-01  3.290345e+03  1.000000
6.002275e-01  4.893901e+03  1.000000
6.002275e-01  7.278954e+03  1.000000
6.002275e-01  1.082637e+04  1.000000
6.002275e-01  1.610262e+04  1.000000
6.002275e-01  2.395027e+04  1.000000
6.002275e-01  3.562248e+04  1.000000
6.002275e-01  5.298317e+04  1.000000
6.002275e-01  7.880463e+04  1.000000
6.002275e-01  1.172102e+05  1.000000
6.002275e-01  1.743329e+05  1.000000
6.002275e-01  2.592944e+05  1.000000
6.002275e-01  3.856620e+05  1.000000
6.002275e-01  5.736153e+05  1.000000
6.002275e-01  8.531679e+05  1.000000
6.002275e-01  1.268961e+06  1.000000
6.002275e-01  1.887392e+06  1.000000
6.002275e-01  2.807216e+06  1.000000
6.002275e-01  4.175319e+06  1.000000
6.002275e-01  6.210169e+06  1.000000
6.002275e-01  9.236709e+06  1.000000
6.002275e-01  1.373824e+07  1.000000
6.002275e-01  2.043360e+07  1.000000
6.002275e-01  3.039195e+07  1.000000
6.002275e-01  4.520354e+07  1.000000
6.002275e-01  6.723358e+07  1.000000
6.002275e-01  1.000000e+08  1.000000

7.205460e-01  1.000000e+03  1.000000
7.205460e-01  1.487352e+03  1.000000
7.205460e-01  2.212216e+03  1.000000
7.205460e-01  3.290345e+03  1.000000
7.205460e-01  4.893901e+03  1.000000
7.205460e-01  7.278954e+03  1.000000
7.205460e-01  1.082637e+04  1.000000
7.205460e-01  1.610262e+04  1.000000
7.205460e-01  2.395027e+04  1.000000
7.205460e-01  3.562248e+04  1.000000
7.205460e-01  5.298317e+04  1.000000
7.205460e-01  7.880463e+04  1.000000
7.205460e-01  1.172102e+05  1.000000
7.205460e-01  1.743329e+05  1.000000
7.205460e-01  2.592944e+05  1.000000
7.205460e-01  3.856620e+05  1.000000
7.205460e-01  5.736153e+05  1.000000
7.205460e-01  8.531679e+05  1.000000
7.205460e-01  1.268961e+06  1.000000
7.205460e-01  1.887392e+06  1.000000
7.205460e-01  2.807216e+06  1.000000
7.205460e-01  4.175319e+06  1.000000
7.205460e-01  6.210169e+06  1.000000
7.205460e-01  9.236709e+06  1.000000
7.205460e-01  1.373824e+07  1.000000
7.205460e-01  2.043360e+07  1.000000
7.205460e-01  3.039195e+07  1.000000
7.205460e-01  4.520354e+07  1.000000
7.205460e-01  6.723358e+07  1.000000
7.205460e-01  1.000000e+08  1.000000

8.649830e-01  1.000000e+03  1.000000
8.649830e-01  1.487352e+03  1.000000
8.649830e-01  2.212216e+03  1.000000
8.649830e-01  3.290345e+03  1.000000
8.649830e-01  4.893901e+03  1.000000
8.649830e-01  7.278954e+03  1.000000
8.649830e-01  1.082637e+04  1.000000
8.649830e-01  1.610262e+04  1.000000
8.649830e-01  2.395027e+04  1.000000
8.649830e-01  3.562248e+04  1.000000
8.649830e-01  5.298317e+04  1.000000
8.649830e-01  7.880463e+04  1.000000
8.649830e-01  1.172102e+05  1.000000
8.649830e-01  1.743329e+05  1.000000
8.649830e-01  2.592944e+05  1.000000
8.649830e-01  3.856620e+05  1.000000
8.649830e-01  5.736153e+05  1.000000
8.649830e-01  8.531679e+05  1.000000
8.649830e-01  1.268961e+06  1.000000
8.649830e-01  1.887392e+06  1.000000
8.649830e-01  2.807216e+06  1.000000
8.649830e-01  4.175319e+06  1.000000
8.649830e-01  6.210169e+06  1.000000
8.649830e-01  9.236709e+06  1.000000
8.649830e-01  1.373824e+07  1.000000
8.649830e-01  2.043360e+07  1.000000
8.649830e-01  3.039195e+07  1.000000
8.649830e-01  4.520354e+07  1.000000
8.649830e-01  6.723358e+07  1.000000
8.649830e-01  1.000000e+08  1.000000

1.038373e+00  1.000000e+03  1.000000
1.038373e+00  1.487352e+03  1.000000
1.038373e+00  2.212216e+03  1.000000
1.038373e+00  3.290345e+03  1.000000
1.038373e+00  4.893901e+03  1.000000
1.038373e+00  7.278954e+03  1.000000
1.038373e+00  1.082637e+04  1.000000
1.038373e+00  1.610262e+04  1.000000
1.038373e+00  2.395027e+04  1.000000
1.038373e+00  3.562248e+04  1.000000
1.038373e+00  5.298317e+04  1.000000
1.038373e+00  7.880463e+04  1.000000
1.038373e+00  1.172102e+05  1.000000
1.038373e+00  1.743329e+05  1.000000
1.038373e+00  2.592944e+05  1.000000
1.038373e+00  3.856620e+05  1.000000
1.038373e+00  5.736153e+05  1.000000
1.038373e+00  8.531679e+05  1.000000
1.038373e+00  1.268961e+06  1.000000
1.038373e+00  1.887392e+06  1.000000
1.038373e+00  2.807216e+06  1.000000
1.038373e+00  4.175319e+06  1.000000
1.038373e+00  6.210169e+06  1.000000
1.038373e+00  9.236709e+06  1.000000
1.038373e+00  1.373824e+07  1.000000
1.038373e+00  2.043360e+07  1.000000
1.038373e+00  3.039195e+07  1.000000
1.038373e+00  4.520354e+07  1.000000
1.038373e+00  6.723358e+07  1.000000
1.038373e+00  1.000000e+08  1.000000

1.246520e+00  1.000000e+03  1.000000
1.246520e+00  1.487352e+03  1.000000
1.246520e+00  2.212216e+03  1.000000
1.246520e+00  3.290345e+03  1.000000
1.246520e+00  4.893901e+03  1.000000
1.246520e+00  7.278954e+03  1.000000
1.246520e+00  1.082637e+04  1.000000
1.246520e+00  1.610262e+04  1.000000
1.246520e+00  2.395027e+04  1.000000
1.246520e+00  3.562248e+04  1.000000
1.246520e+00  5.298317e+04  1.000000
1.246520e+00  7.880463e+04  1.000000
1.246520e+00  1.172102e+05  1.000000
1.246520e+00  1.743329e+05  1.000000
1.246520e+00  2.592944e+05  1.000000
1.246520e+00  3.856620e+05  1.000000
1.246520e+00  5.736153e+05  1.000000
1.246520e+00  8.531679e+05  1.000000
1.246520e+00  1.268961e+06  1.000000
1.246520e+00  1.887392e+06  1.000000
1.246520e+00  2.807216e+06  1.000000
1.246520e+00  4.175319e+06  1.000000
1.246520e+00  6.210169e+06  1.000000
1.246520e+00  9.236709e+06  1.000000
1.246520e+00  1.373824e+07  1.000000
1.246520e+00  2.043360e+07  1.000000
1.246520e+00  3.039195e+07  1.000000
1.246520e+00  4.520354e+07  1.000000
1.246520e+00  6.723358e+07  1.000000
1.246520e+00  1.000000e+08  1.000000

1.496391e+00  1.000000e+03  1.000000
1.496391e+00  1.487352e+03  1.000000
1.496391e+00  2.212216e+03  1.000000
1.496391e+00  3.290345e+03  1.000000
1.496391e+00  4.893901e+03  1.000000
1.496391e+00  7.278954e+03  1.000000
1.496391e+00  1.082637e+04  1.000000
1.496391e+00  1.610262e+04  1.000000
1.496391e+00  2.395027e+04  1.000000
1.496391e+00  3.562248e+04  1.000000
1.496391e+00  5.298317e+04  1.000000
1.496391e+00  7.880463e+04  1.000000
1.496391e+00  1.172102e+05  1.000000
1.496391e+00  1.743329e+05  1.000000
1.496391e+00  2.592944e+05  1.000000
1.496391e+00  3.856620e+05  1.000000
1.496391e+00  5.736153e+05  1.000000
1.496391e+00  8.531679e+05  1.000000
1.496391e+00  1.268961e+06  1.000000
1.496391e+00  1.887392e+06  1.000000
1.496391e+00  2.807216e+06  1.000000
1.496391e+00  4.175319e+06  1.000000
1.496391e+00  6.210169e+06  1.000000
1.496391e+00  9.236709e+06  1.000000
1.496391e+00  1.373824e+07  1.000000
1.496391e+00  2.043360e+07  1.000000
1.496391e+00  3.039195e+07  1.000000
1.496391e+00  4.520354e+07  1.000000
1.496391e+00  6.723358e+07  1.000000
1.496391e+00  1.000000e+08  1.000000

1.796350e+00  1.000000e+03  1.000000
1.796350e+00  1.487352e+03  1.000000
1.796350e+00  2.212216e+03  1.000000
1.796350e+00  3.290345e+03  1.000000
1.796350e+00  4.893901e+03  1.000000
1.796350e+00  7.278954e+03  0.999998
1.796350e+00  1.082637e+04  0.999956
1.796350e+00  1.610262e+04  0.999209
1.796350e+00  2.395027e+04  0.989694
1.796350e+00  3.562248e+04  0.914862
1.796350e+00  5.298317e+04  0.620635
1.796350e+00  7.880463e+04  0.183075
1.796350e+00  1.172102e+05  0.010905
1.796350e+00  1.743329e+05  0.000048
1.796350e+00  2.592944e+05  0.000000
1.796350e+00  3.856620e+05  0.000000
1.796350e+00  5.736153e+05  0.000000
1.796350e+00  8.531679e+05  0.000000
1.796350e+00  1.268961e+06  0.000000
1.796350e+00  1.887392e+06  0.000000
1.796350e+00  2.807216e+06  0.000000
1.796350e+00  4.175319e+06  0.000000
1.796350e+00  6.210169e+06  0.000000
1.796350e+00  9.236709e+06  0.000000
1.796350e+00  1.373824e+07  0.000000
1.796350e+00  2.043360e+07  0.000000
1.796350e+00  3.039195e+07  0.000000
1.796350e+00  4.520354e+07  0.000000
1.796350e+00  6.723358e+07  0.000000
1.796350e+00  1.000000e+08  0.000000

2.156438e+00  1.000000e+03  1.000000
2.156438e+00  1.487352e+03  1.000000
2.156438e+00  2.212216e+03  0.999998
2.156438e+00  3.290345e+03  0.999963
2.156438e+00  4.893901e+03  0.999317
2.156438e+00  7.278954e+03  0.990914
2.156438e+00  1.082637e+04  0.922804
2.156438e+00  1.610262e+04  0.643197
2.156438e+00  2.395027e+04  0.201772
2.156438e+00  3.562248e+04  0.013386
2.156438e+00  5.298317e+04  0.000069
2.156438e+00  7.880463e+04  0.000000
2.156438e+00  1.172102e+05  0.000000
2.156438e+00  1.743329e+05  0.000000
2.156438e+00  2.592944e+05  0.000000
2.156438e+00  3.856620e+05  0.000000
2.156438e+00  5.736153e+05  0.000000
2.156438e+00  8.531679e+05  0.000000
2.156438e+00  1.268961e+06  0.000000
2.156438e+00  1.887392e+06  0.000000
2.156438e+00  2.807216e+06  0.000000
2.156438e+00  4.175319e+06  0.000000
2.156438e+00  6.210169e+06  0.000000
2.156438e+00  9.236709e+06  0.000000
2.156438e+00  1.373824e+07  0.000000
2.156438e+00  2.043360e+07  0.000000
2.156438e+00  3.039195e+07  0.000000
2.156438e+00  4.520354e+07  0.000000
2.156438e+00  6.723358e+07  0.000000
2.156438e+00  1.000000e+08  0.000000

2.588706e+00  1.000000e+03  0.999999
2.588706e+00  1.487352e+03  0.999978
2.588706e+00  2.212216e+03  0.999589
2.588706e+00  3.290345e+03  0.994159
2.588706e+00  4.893901e+03  0.945534
2.588706e+00  7.278954e+03  0.715423
2.588706e+00  1.082637e+04  0.272778
2.588706e+00  1.610262e+04  0.025647
2.588706e+00  2.395027e+04  0.000230
2.588706e+00  3.562248e+04  0.000000
2.588706e+00  5.298317e+04  0.000000
2.588706e+00  7.880463e+04  0.000000
2.588706e+00  1.172102e+05  0.000000
2.588706e+00  1.743329e+05  0.000000
2.588706e+00  2.592944e+05  0.000000
2.588706e+00  3.856620e+05  0.000000
2.588706e+00  5.736153e+05  0.000000
2.588706e+00  8.531679e+05  0.000000
2.588706e+00  1.268961e+06  0.000000
2.588706e+00  1.887392e+06  0.000000
2.588706e+00  2.807216e+06  0.000000
2.588706e+00  4.175319e+06  0.000000
2.588706e+00  6.210169e+06  0.000000
2.588706e+00  9.236709e+06  0.000000
2.588706e+00  1.373824e+07  0.000000
2.588706e+00  2.043360e+07  0.000000
2.588706e+00  3.039195e+07  0.000000
2.588706e+00  4.520354e+07  0.000000
2.588706e+00  6.723358e+07  0.000000
2.588706e+00  1.000000e+08  0.000000

3.107625e+00  1.000000e+03  0.999941
3.107625e+00  1.487352e+03  0.998960
3.107625e+00  2.212216e+03  0.986962
3.107625e+00  3.290345e+03  0.898019
3.107625e+00  4.893901e+03  0.576414
3.107625e+00  7.278954e+03  0.150445
3.107625e+00  1.082637e+04  0.007252
3.107625e+00  1.610262e+04  0.000023
3.107625e+00  2.395027e+04  0.000000
3.107625e+00  3.562248e+04  0.000000
3.107625e+00  5.298317e+04  0.000000
3.107625e+00  7.880463e+04  0.000000
3.107625e+00  1.172102e+05  0.000000
3.107625e+00  1.743329e+05  0.000000
3.107625e+00  2.592944e+05  0.000000
3.107625e+00  3.856620e+05  0.000000
3.107625e+00  5.736153e+05  0.000000
3.107625e+00  8.531679e+05  0.000000
3.107625e+00  1.268961e+06  0.000000
3.107625e+00  1.887392e+06  0.000000
3.107625e+00  2.807216e+06  0.000000
3.107625e+00  4.175319e+06  0.000000
3.107625e+00  6.210169e+06  0.000000
3.107625e+00  9.236709e+06  0.000000
3.107625e+00  1.373824e+07  0.000000
3.107625e+00  2.043360e+07  0.000000
3.107625e+00  3.039195e+07  0.000000
3.107625e+00  4.520354e+07  0.000000
3.107625e+00  6.723358e+07  0.000000
3.107625e+00  1.000000e+08  0.000000

3.730564e+00  1.000000e+03  0.998825
3.730564e+00  1.487352e+03  0.985529
3.730564e+00  2.212216e+03  0.889612
3.730564e+00  3.290345e+03  0.555949
3.730564e+00  4.893901e+03  0.136968
3.730564e+00  7.278954e+03  0.005982
3.730564e+00  1.082637e+04  0.000016
3.730564e+00  1.610262e+04  0.000000
3.730564e+00  2.395027e+04  0.000000
3.730564e+00  3.562248e+04  0.000000
3.730564e+00  5.298317e+04  0.000000
3.730564e+00  7.880463e+04  0.000000
3.730564e+00  1.172102e+05  0.000000
3.730564e+00  1.743329e+05  0.000000
3.730564e+00  2.592944e+05  0.000000
3.730564e+00  3.856620e+05  0.000000
3.730564e+00  5.736153e+05  0.000000
3.730564e+00  8.531679e+05  0.000000
3.730564e+00  1.268961e+06  0.000000
3.730564e+00  1.887392e+06  0.000000
3.730564e+00  2.807216e+06  0.000000
3.730564e+00  4.175319e+06  0.000000
3.730564e+00  6.210169e+06  0.000000
3.730564e+00  9.236709e+06  0.000000
3.730564e+00  1.373824e+07  0.000000
3.730564e+00  2.043360e+07  0.000000
3.730564e+00  3.039195e+07  0.000000
3.730564e+00  4.520354e+07  0.000000
3.730564e+00  6.723358e+07  0.000000
3.730564e+00  1.000000e+08  0.000000

4.478374e+00  1.000000e+03  0.990212
4.478374e+00  1.487352e+03  0.918198
4.478374e+00  2.212216e+03  0.629967
4.478374e+00  3.290345e+03  0.190630
4.478374e+00  4.893901e+03  0.011872
4.478374e+00  7.278954e+03  0.000056
4.478374e+00  1.082637e+04  0.000000
4.478374e+00  1.610262e+04  0.000000
4.478374e+00  2.395027e+04  0.000000
4.478374e+00  3.562248e+04  0.000000
4.478374e+00  5.298317e+04  0.000000
4.478374e+00  7.880463e+04  0.000000
4.478374e+00  1.172102e+05  0.000000
4.478374e+00  1.743329e+05  0.000000
4.478374e+00  2.592944e+05  0.000000
4.478374e+00  3.856620e+05  0.000000
4.478374e+00  5.736153e+05  0.000000
4.478374e+00  8.531679e+05  0.000000
4.478374e+00  1.268961e+06  0.000000
4.478374e+00  1.887392e+06  0.000000
4.478374e+00  2.807216e+06  0.000000
4.478374e+00  4.175319e+06  0.000000
4.478374e+00  6.210169e+06  0.000000
4.478374e+00  9.236709e+06  0.000000
4.478374e+00  1.373824e+07  0.000000
4.478374e+00  2.043360e+07  0.000000
4.478374e+00  3.039195e+07  0.000000
4.478374e+00  4.520354e+07  0.000000
4.478374e+00  6.723358e+07  0.000000
4.478374e+00  1.000000e+08  0.000000

5.376086e+00  1.000000e+03  0.958217
5.376086e+00  1.487352e+03  0.762125
5.376086e+00  2.212216e+03  0.329798
5.376086e+00  3.290345e+03  0.039162
5.376086e+00  4.893901e+03  0.000512
5.376086e+00  7.278954e+03  0.000000
5.376086e+00  1.082637e+04  0.000000
5.376086e+00  1.610262e+04  0.000000
5.376086e+00  2.395027e+04  0.000000
5.376086e+00  3.562248e+04  0.000000
5.376086e+00  5.298317e+04  0.000000
5.376086e+00  7.880463e+04  0.000000
5.376086e+00  1.172102e+05  0.000000
5.376086e+00  1.743329e+05  0.000000
5.376086e+00  2.592944e+05  0.000000
5.376086e+00  3.856620e+05  0.000000
5.376086e+00  5.736153e+05  0.000000
5.376086e+00  8.531679e+05  0.000000
5.376086e+00  1.268961e+06  0.000000
5.376086e+00  1.887392e+06  0.000000
5.376086e+00  2.807216e+06  0.000000
5.376086e+00  4.175319e+06  0.000000
5.376086e+00  6.210169e+06  0.000000
5.376086e+00  9.236709e+06  0.000000
5.376086e+00  1.373824e+07  0.000000
5.376086e+00  2.043360e+07  0.000000
5.376086e+00  3.039195e+07  0.000000
5.376086e+00  4.520354e+07  0.000000
5.376086e+00  6.723358e+07  0.000000
5.376086e+00  1.000000e+08  0.000000

6.453749e+00  1.000000e+03  0.893112
6.453749e+00  1.487352e+03  0.564351
6.453749e+00  2.212216e+03  0.142385
6.453749e+00  3.290345e+03  0.006476
6.453749e+00  4.893901e+03  0.000019
6.453749e+00  7.278954e+03  0.000000
6.453749e+00  1.082637e+04  0.000000
6.453749e+00  1.610262e+04  0.000000
6.453749e+00  2.395027e+04  0.000000
6.453749e+00  3.562248e+04  0.000000
6.453749e+00  5.298317e+04  0.000000
6.453749e+00  7.880463e+04  0.000000
6.453749e+00  1.172102e+05  0.000000
6.453749e+00  1.743329e+05  0.000000
6.453749e+00  2.592944e+05  0.000000
6.453749e+00  3.856620e+05  0.000000
6.453749e+00  5.736153e+05  0.000000
6.453749e+00  8.531679e+05  0.000000
6.453749e+00  1.268961e+06  0.000000
6.453749e+00  1.887392e+06  0.000000
6.453749e+00  2.807216e+06  0.000000
6.453749e+00  4.175319e+06  0.000000
6.453749e+00  6.210169e+06  0.000000
6.453749e+00  9.236709e+06  0.000000
6.453749e+00  1.373824e+07  0.000000
6.453749e+00  2.043360e+07  0.000000
6.453749e+00  3.039195e+07  0.000000
6.453749e+00  4.520354e+07  0.000000
6.453749e+00  6.723358e+07  0.000000
6.453749e+00  1.000000e+08  0.000000

7.747435e+00  1.000000e+03  0.811834
7.747435e+00  1.487352e+03  0.403139
7.747435e+00  2.212216e+03  0.062233
7.747435e+00  3.290345e+03  0.001246
7.747435e+00  4.893901e+03  0.000001
7.747435e+00  7.278954e+03  0.000000
7.747435e+00  1.082637e+04  0.000000
7.747435e+00  1.610262e+04  0.000000
7.747435e+00  2.395027e+04  0.000000
7.747435e+00  3.562248e+04  0.000000
7.747435e+00  5.298317e+04  0.000000
7.747435e+00  7.880463e+04  0.000000
7.747435e+00  1.172102e+05  0.000000
7.747435e+00  1.743329e+05  0.000000
7.747435e+00  2.592944e+05  0.000000
7.747435e+00  3.856620e+05  0.000000
7.747435e+00  5.736153e+05  0.000000
7.747435e+00  8.531679e+05  0.000000
7.747435e+00  1.268961e+06  0.000000
7.747435e+00  1.887392e+06  0.000000
7.747435e+00  2.807216e+06  0.000000
7.747435e+00  4.175319e+06  0.000000
7.747435e+00  6.210169e+06  0.000000
7.747435e+00  9.236709e+06  0.000000
7.747435e+00  1.373824e+07  0.000000
7.747435e+00  2.043360e+07  0.000000
7.747435e+00  3.039195e+07  0.000000
7.747435e+00  4.520354e+07  0.000000
7.747435e+00  6.723358e+07  0.000000
7.747435e+00  1.000000e+08  0.000000

9.300446e+00  1.000000e+03  0.743483
9.300446e+00  1.487352e+03  0.305820
9.300446e+00  2.212216e+03  0.033045
9.300446e+00  3.290345e+03  0.000371
9.300446e+00  4.893901e+03  0.000000
9.300446e+00  7.278954e+03  0.000000
9.300446e+00  1.082637e+04  0.000000
9.300446e+00  1.610262e+04  0.000000
9.300446e+00  2.395027e+04  0.000000
9.300446e+00  3.562248e+04  0.000000
9.300446e+00  5.298317e+04  0.000000
9.300446e+00  7.880463e+04  0.000000
9.300446e+00  1.172102e+05  0.000000
9.300446e+00  1.743329e+05  0.000000
9.300446e+00  2.592944e+05  0.000000
9.300446e+00  3.856620e+05  0.000000
9.300446e+00  5.736153e+05  0.000000
9.300446e+00  8.531679e+05  0.000000
9.300446e+00  1.268961e+06  0.000000
9.300446e+00  1.887392e+06  0.000000
9.300446e+00  2.807216e+06  0.000000
9.300446e+00  4.175319e+06  0.000000
9.300446e+00  6.210169e+06  0.000000
9.300446e+00  9.236709e+06  0.000000
9.300446e+00  1.373824e+07  0.000000
9.300446e+00  2.043360e+07  0.000000
9.300446e+00  3.039195e+07  0.000000
9.300446e+00  4.520354e+07  0.000000
9.300446e+00  6.723358e+07  0.000000
9.300446e+00  1.000000e+08  0.000000

1.116477e+01  1.000000e+03  0.702614
1.116477e+01  1.487352e+03  0.258800
1.116477e+01  2.212216e+03  0.022856
1.116477e+01  3.290345e+03  0.000186
1.116477e+01  4.893901e+03  0.000000
1.116477e+01  7.278954e+03  0.000000
1.116477e+01  1.082637e+04  0.000000
1.116477e+01  1.610262e+04  0.000000
1.116477e+01  2.395027e+04  0.000000
1.116477e+01  3.562248e+04  0.000000
1.116477e+01  5.298317e+04  0.000000
1.116477e+01  7.880463e+04  0.000000
1.116477e+01  1.172102e+05  0.000000
1.116477e+01  1.743329e+05  0.000000
1.116477e+01  2.592944e+05  0.000000
1.116477e+01  3.856620e+05  0.000000
1.116477e+01  5.736153e+05  0.000000
1.116477e+01  8.531679e+05  0.000000
1.116477e+01  1.268961e+06  0.000000
1.116477e+01  1.887392e+06  0.000000
1.116477e+01  2.807216e+06  0.000000
1.116477e+01  4.175319e+06  0.000000
1.116477e+01  6.210169e+06  0.000000
1.116477e+01  9.236709e+06  0.000000
1.116477e+01  1.373824e+07  0.000000
1.116477e+01  2.043360e+07  0.000000
1.116477e+01  3.039195e+07  0.000000
1.116477e+01  4.520354e+07  0.000000
1.116477e+01  6.723358e+07  0.000000
1.116477e+01  1.000000e+08  0.000000

1.340280e+01  1.000000e+03  0.685258
1.340280e+01  1.487352e+03  0.240870
1.340280e+01  2.212216e+03  0.019555
1.340280e+01  3.290345e+03  0.000139
1.340280e+01  4.893901e+03  0.000000
1.340280e+01  7.278954e+03  0.000000
1.340280e+01  1.082637e+04  0.000000
1.340280e+01  1.610262e+04  0.000000
1.340280e+01  2.395027e+04  0.000000
1.340280e+01  3.562248e+04  0.000000
1.340280e+01  5.298317e+04  0.000000
1.340280e+01  7.880463e+04  0.000000
1.340280e+01  1.172102e+05  0.000000
1.340280e+01  1.743329e+05  0.000000
1.340280e+01  2.592944e+05  0.000000
1.340280e+01  3.856620e+05  0.000000
1.340280e+01  5.736153e+05  0.000000
1.340280e+01  8.531679e+05  0.000000
1.340280e+01  1.268961e+06  0.000000
1.340280e+01  1.887392e+06  0.000000
1.340280e+01  2.807216e+06  0.000000
1.340280e+01  4.175319e+06  0.000000
1.340280e+01  6.210169e+06  0.000000
1.340280e+01  9.236709e+06  0.000000
1.340280e+01  1.373824e+07  0.000000
1.340280e+01  2.043360e+07  0.000000
1.340280e+01  3.039195e+07  0.000000
1.340280e+01  4.520354e+07  0.000000
1.340280e+01  6.723358e+07  0.000000
1.340280e+01  1.000000e+08  0.000000

1.608946e+01  1.000000e+03  0.680301
1.608946e+01  1.487352e+03  0.235951
1.608946e+01  2.212216e+03  0.018702
1.608946e+01  3.290345e+03  0.000128
1.608946e+01  4.893901e+03  0.000000
1.608946e+01  7.278954e+03  0.000000
1.608946e+01  1.082637e+04  0.000000
1.608946e+01  1.610262e+04  0.000000
1.608946e+01  2.395027e+04  0.000000
1.608946e+01  3.562248e+04  0.000000
1.608946e+01  5.298317e+04  0.000000
1.608946e+01  7.880463e+04  0.000000
1.608946e+01  1.172102e+05  0.000000
1.608946e+01  1.743329e+05  0.000000
1.608946e+01  2.592944e+05  0.000000
1.608946e+01  3.856620e+05  0.000000
1.608946e+01  5.736153e+05  0.000000
1.608946e+01  8.531679e+05  0.000000
1.608946e+01  1.268961e+06  0.000000
1.608946e+01  1.887392e+06  0.000000
1.608946e+01  2.807216e+06  0.000000
1.608946e+01  4.175319e+06  0.000000
1.608946e+01  6.210169e+06  0.000000
1.608946e+01  9.236709e+06  0.000000
1.608946e+01  1.373824e+07  0.000000
1.608946e+01  2.043360e+07  0.000000
1.608946e+01  3.039195e+07  0.000000
1.608946e+01  4.520354e+07  0.000000
1.608946e+01  6.723358e+07  0.000000
1.608946e+01  1.000000e+08  0.000000

1.931467e+01  1.000000e+03  0.679438
1.931467e+01  1.487352e+03  0.235104
1.931467e+01  2.212216e+03  0.018558
1.931467e+01  3.290345e+03  0.000126
1.931467e+01  4.893901e+03  0.000000
1.931467e+01  7.278954e+03  0.000000
1.931467e+01  1.082637e+04  0.000000
1.931467e+01  1.610262e+04  0.000000
1.931467e+01  2.395027e+04  0.000000
1.931467e+01  3.562248e+04  0.000000
1.931467e+01  5.298317e+04  0.000000
1.931467e+01  7.880463e+04  0.000000
1.931467e+01  1.172102e+05  0.000000
1.931467e+01  1.743329e+05  0.000000
1.931467e+01  2.592944e+05  0.000000
1.931467e+01  3.856620e+05  0.000000
1.931467e+01  5.736153e+05  0.000000
1.931467e+01  8.531679e+05  0.000000
1.931467e+01  1.268961e+06  0.000000
1.931467e+01  1.887392e+06  0.000000
1.931467e+01  2.807216e+06  0.000000
1.931467e+01  4.175319e+06  0.000000
1.931467e+01  6.210169e+06  0.000000
1.931467e+01  9.236709e+06  0.000000
1.931467e+01  1.373824e+07  0.000000
1.931467e+01  2.043360e+07  0.000000
1.931467e+01  3.039195e+07  0.000000
1.931467e+01  4.520354e+07  0.000000
1.931467e+01  6.723358e+07  0.000000
1.931467e+01  1.000000e+08  0.000000

2.318639e+01  1.000000e+03  0.679358
2.318639e+01  1.487352e+03  0.235026
2.318639e+01  2.212216e+03  0.018545
2.318639e+01  3.290345e+03  0.000126
2.318639e+01  4.893901e+03  0.000000
2.318639e+01  7.278954e+03  0.000000
2.318639e+01  1.082637e+04  0.000000
2.318639e+01  1.610262e+04  0.000000
2.318639e+01  2.395027e+04  0.000000
2.318639e+01  3.562248e+04  0.000000
2.318639e+01  5.298317e+04  0.000000
2.318639e+01  7.880463e+04  0.000000
2.318639e+01  1.172102e+05  0.000000
2.318639e+01  1.743329e+05  0.000000
2.318639e+01  2.592944e+05  0.000000
2.318639e+01  3.856620e+05  0.000000
2.318639e+01  5.736153e+05  0.000000
2.318639e+01  8.531679e+05  0.000000
2.318639e+01  1.268961e+06  0.000000
2.318639e+01  1.887392e+06  0.000000
2.318639e+01  2.807216e+06  0.000000
2.318639e+01  4.175319e+06  0.000000
2.318639e+01  6.210169e+06  0.000000
2.318639e+01  9.236709e+06  0.000000
2.318639e+01  1.373824e+07  0.000000
2.318639e+01  2.043360e+07  0.000000
2.318639e+01  3.039195e+07  0.000000
2.318639e+01  4.520354e+07  0.000000
2.318639e+01  6.723358e+07  0.000000
2.318639e+01  1.000000e+08  0.000000

2.783421e+01  1.000000e+03  0.679355
2.783421e+01  1.487352e+03  0.235023
2.783421e+01  2.212216e+03  0.018544
2.783421e+01  3.290345e+03  0.000126
2.783421e+01  4.893901e+03  0.000000
2.783421e+01  7.278954e+03  0.000000
2.783421e+01  1.082637e+04  0.000000
2.783421e+01  1.610262e+04  0.000000
2.783421e+01  2.395027e+04  0.000000
2.783421e+01  3.562248e+04  0.000000
2.783421e+01  5.298317e+04  0.000000
2.783421e+01  7.880463e+04  0.000000
2.783421e+01  1.172102e+05  0.000000
2.783421e+01  1.743329e+05  0.000000
2.783421e+01  2.592944e+05  0.000000
2.783421e+01  3.856620e+05  0.000000
2.783421e+01  5.736153e+05  0.000000
2.783421e+01  8.531679e+05  0.000000
2.783421e+01  1.268961e+06  0.000000
2.783421e+01  1.887392e+06  0.000000
2.783421e+01  2.807216e+06  0.000000
2.783421e+01  4.175319e+06  0.000000
2.783421e+01  6.210169e+06  0.000000
2.783421e+01  9.236709e+06  0.000000
2.783421e+01  1.373824e+07  0.000000
2.783421e+01  2.043360e+07  0.000000
2.783421e+01  3.039195e+07  0.000000
2.783421e+01  4.520354e+07  0.000000
2.783421e+01  6.723358e+07  0.000000
2.783421e+01  1.000000e+08  0.000000

3.341372e+01  1.000000e+03  0.679355
3.341372e+01  1.487352e+03  0.235023
3.341372e+01  2.212216e+03  0.018544
3.341372e+01  3.290345e+03  0.000126
3.341372e+01  4.893901e+03  0.000000
3.341372e+01  7.278954e+03  0.000000
3.341372e+01  1.082637e+04  0.000000
3.341372e+01  1.610262e+04  0.000000
3.341372e+01  2.395027e+04  0.000000
3.341372e+01  3.562248e+04  0.000000
3.341372e+01  5.298317e+04  0.000000
3.341372e+01  7.880463e+04  0.000000
3.341372e+01  1.172102e+05  0.000000
3.341372e+01  1.743329e+05  0.000000
3.341372e+01  2.592944e+05  0.000000
3.341372e+01  3.856620e+05  0.000000
3.341372e+01  5.736153e+05  0.000000
3.341372e+01  8.531679e+05  0.000000
3.341372e+01  1.268961e+06  0.000000
3.341372e+01  1.887392e+06  0.000000
3.341372e+01  2.807216e+06  0.000000
3.341372e+01  4.175319e+06  0.000000
3.341372e+01  6.210169e+06  0.000000
3.341372e+01  9.236709e+06  0.000000
3.341372e+01  1.373824e+07  0.000000
3.341372e+01  2.043360e+07  0.000000
3.341372e+01  3.039195e+07  0.000000
3.341372e+01  4.520354e+07  0.000000
3.341372e+01  6.723358e+07  0.000000
3.341372e+01  1.000000e+08  0.000000

4.011167e+01  1.000000e+03  0.679355
4.011167e+01  1.487352e+03  0.235023
4.011167e+01  2.212216e+03  0.018544
4.011167e+01  3.290345e+03  0.000126
4.011167e+01  4.893901e+03  0.000000
4.011167e+01  7.278954e+03  0.000000
4.011167e+01  1.082637e+04  0.000000
4.011167e+01  1.610262e+04  0.000000
4.011167e+01  2.395027e+04  0.000000
4.011167e+01  3.562248e+04  0.000000
4.011167e+01  5.298317e+04  0.000000
4.011167e+01  7.880463e+04  0.000000
4.011167e+01  1.172102e+05  0.000000
4.011167e+01  1.743329e+05  0.000000
4.011167e+01  2.592944e+05  0.000000
4.011167e+01  3.856620e+05  0.000000
4.011167e+01  5.736153e+05  0.000000
4.011167e+01  8.531679e+05  0.000000
4.011167e+01  1.268961e+06  0.000000
4.011167e+01  1.887392e+06  0.000000
4.011167e+01  2.807216e+06  0.000000
4.011167e+01  4.175319e+06  0.000000
4.011167e+01  6.210169e+06  0.000000
4.011167e+01  9.236709e+06  0.000000
4.011167e+01  1.373824e+07  0.000000
4.011167e+01  2.043360e+07  0.000000
4.011167e+01  3.039195e+07  0.000000
4.011167e+01  4.520354e+07  0.000000
4.011167e+01  6.723358e+07  0.000000
4.011167e+01  1.000000e+08  0.000000

4.815225e+01  1.000000e+03  0.679355
4.815225e+01  1.487352e+03  0.235023
4.815225e+01  2.212216e+03  0.018544
4.815225e+01  3.290345e+03  0.000126
4.815225e+01  4.893901e+03  0.000000
4.815225e+01  7.278954e+03  0.000000
4.815225e+01  1.082637e+04  0.000000
4.815225e+01  1.610262e+04  0.000000
4.815225e+01  2.395027e+04  0.000000
4.815225e+01  3.562248e+04  0.000000
4.815225e+01  5.298317e+04  0.000000
4.815225e+01  7.880463e+04  0.000000
4.815225e+01  1.172102e+05  0.000000
4.815225e+01  1.743329e+05  0.000000
4.815225e+01  2.592944e+05  0.000000
4.815225e+01  3.856620e+05  0.000000
4.815225e+01  5.736153e+05  0.000000
4.815225e+01  8.531679e+05  0.000000
4.815225e+01  1.268961e+06  0.000000
4.815225e+01  1.887392e+06  0.000000
4.815225e+01  2.807216e+06  0.000000
4.815225e+01  4.175319e+06  0.000000
4.815225e+01  6.210169e+06  0.000000
4.815225e+01  9.236709e+06  0.000000
4.815225e+01  1.373824e+07  0.000000
4.815225e+01  2.043360e+07  0.000000
4.815225e+01  3.039195e+07  0.000000
4.815225e+01  4.520354e+07  0.000000
4.815225e+01  6.723358e+07  0.000000
4.815225e+01  1.000000e+08  0.000000

5.780460e+01  1.000000e+03  0.679355
5.780460e+01  1.487352e+03  0.235023
5.780460e+01  2.212216e+03  0.018544
5.780460e+01  3.290345e+03  0.000126
5.780460e+01  4.893901e+03  0.000000
5.780460e+01  7.278954e+03  0.000000
5.780460e+01  1.082637e+04  0.000000
5.780460e+01  1.610262e+04  0.000000
5.780460e+01  2.395027e+04  0.000000
5.780460e+01  3.562248e+04  0.000000
5.780460e+01  5.298317e+04  0.000000
5.780460e+01  7.880463e+04  0.000000
5.780460e+01  1.172102e+05  0.000000
5.780460e+01  1.743329e+05  0.000000
5.780460e+01  2.592944e+05  0.000000
5.780460e+01  3.856620e+05  0.000000
5.780460e+01  5.736153e+05  0.000000
5.780460e+01  8.531679e+05  0.000000
5.780460e+01  1.268961e+06  0.000000
5.780460e+01  1.887392e+06  0.000000
5.780460e+01  2.807216e+06  0.000000
5.780460e+01  4.175319e+06  0.000000
5.780460e+01  6.210169e+06  0.000000
5.780460e+01  9.236709e+06  0.000000
5.780460e+01  1.373824e+07  0.000000
5.780460e+01  2.043360e+07  0.000000
5.780460e+01  3.039195e+07  0.000000
5.780460e+01  4.520354e+07  0.000000
5.780460e+01  6.723358e+07  0.000000
5.780460e+01  1.000000e+08  0.000000

6.939182e+01  1.000000e+03  0.679355
6.939182e+01  1.487352e+03  0.235023
6.939182e+01  2.212216e+03  0.018544
6.939182e+01  3.290345e+03  0.000126
6.939182e+01  4.893901e+03  0.000000
6.939182e+01  7.278954e+03  0.000000
6.939182e+01  1.082637e+04  0.000000
6.939182e+01  1.610262e+04  0.000000
6.939182e+01  2.395027e+04  0.000000
6.939182e+01  3.562248e+04  0.000000
6.939182e+01  5.298317e+04  0.000000
6.939182e+01  7.880463e+04  0.000000
6.939182e+01  1.172102e+05  0.000000
6.939182e+01  1.743329e+05  0.000000
6.939182e+01  2.592944e+05  0.000000
6.939182e+01  3.856620e+05  0.000000
6.939182e+01  5.736153e+05  0.000000
6.939182e+01  8.531679e+05  0.000000
6.939182e+01  1.268961e+06  0.000000
6.939182e+01  1.887392e+06  0.000000
6.939182e+01  2.807216e+06  0.000000
6.939182e+01  4.175319e+06  0.000000
6.939182e+01  6.210169e+06  0.000000
6.939182e+01  9.236709e+06  0.000000
6.939182e+01  1.373824e+07  0.000000
6.939182e+01  2.043360e+07  0.000000
6.939182e+01  3.039195e+07  0.000000
6.939182e+01  4.520354e+07  0.000000
6.939182e+01  6.723358e+07  0.000000
6.939182e+01  1.000000e+08  0.000000

8.330175e+01  1.000000e+03  0.679355
8.330175e+01  1.487352e+03  0.235023
8.330175e+01  2.212216e+03  0.018544
8.330175e+01  3.290345e+03  0.000126
8.330175e+01  4.893901e+03  0.000000
8.330175e+01  7.278954e+03  0.000000
8.330175e+01  1.082637e+04  0.000000
8.330175e+01  1.610262e+04  0.000000
8.330175e+01  2.395027e+04  0.000000
8.330175e+01  3.562248e+04  0.000000
8.330175e+01  5.298317e+04  0.000000
8.330175e+01  7.880463e+04  0.000000
8.330175e+01  1.172102e+05  0.000000
8.330175e+01  1.743329e+05  0.000000
8.330175e+01  2.592944e+05  0.000000
8.330175e+01  3.856620e+05  0.000000
8.330175e+01  5.736153e+05  0.000000
8.330175e+01  8.531679e+05  0.000000
8.330175e+01  1.268961e+06  0.000000
8.330175e+01  1.887392e+06  0.000000
8.330175e+01  2.807216e+06  0.000000
8.330175e+01  4.175319e+06  0.000000
8.330175e+01  6.210169e+06  0.000000
8.330175e+01  9.236709e+06  0.000000
8.330175e+01  1.373824e+07  0.000000
8.330175e+01  2.043360e+07  0.000000
8.330175e+01  3.039195e+07  0.000000
8.330175e+01  4.520354e+07  0.000000
8.330175e+01  6.723358e+07  0.000000
8.330175e+01  1.000000e+08  0.000000

1.000000e+02  1.000000e+03  0.679355
1.000000e+02  1.487352e+03  0.235023
1.000000e+02  2.212216e+03  0.018544
1.000000e+02  3.290345e+03  0.000126
1.000000e+02  4.893901e+03  0.000000
1.000000e+02  7.278954e+03  0.000000
1.000000e+02  1.082637e+04  0.000000
1.000000e+02  1.610262e+04  0.000000
1.000000e+02  2.395027e+04  0.000000
1.000000e+02  3.562248e+04  0.000000
1.000000e+02  5.298317e+04  0.000000
1.000000e+02  7.880463e+04  0.000000
1.000000e+02  1.172102e+05  0.000000
1.000000e+02  1.743329e+05  0.000000
1.000000e+02  2.592944e+05  0.000000
1.000000e+02  3.856620e+05  0.000000
1.000000e+02  5.736153e+05  0.000000
1.000000e+02  8.531679e+05  0.000000
1.000000e+02  1.268961e+06  0.000000
1.000000e+02  1.887392e+06  0.000000
1.000000e+02  2.807216e+06  0.000000
1.000000e+02  4.175319e+06  0.000000
1.000000e+02  6.210169e+06  0.000000
1.000000e+02  9.236709e+06  0.000000
1.000000e+02  1.373824e+07  0.000000
1.000000e+02  2.043360e+07  0.000000
1.000000e+02  3.039195e+07  0.000000
1.000000e+02  4.520354e+07  0.000000
1.000000e+02  6.723358e+07  0.000000
1.000000e+02  1.000000e+08  0.000000

